200 2
295565
0
200 2
295536
0
200 2
295537
1
200 2
295524
1
200 2
295530
0
400 2
1339582
1
400 2
1339608
1
400 2
1339617
1
400 2
1339582
1
400 2
1339592
1
600 2
3189753
2
600 2
3189733
3
600 2
3189794
1
600 2
3189768
3
600 2
3189781
2
800 2
5535850
1
800 2
5535838
2
800 2
5535845
2
800 2
5535783
4
800 2
5535846
1
1000 2
9118127
2
1000 2
9118098
4
1000 2
9118181
3
1000 2
9118098
3
1000 2
9118095
5
1200 2
11992415
4
1200 2
11992353
6
1200 2
11992384
3
1200 2
11992302
4
1200 2
11992329
4
1400 2
17339518
5
1400 2
17339564
6
1400 2
17339426
9
1400 2
17339539
4
1400 2
17339529
5
1600 2
22188845
5
1600 2
22188752
10
1600 2
22188769
8
1600 2
22188846
5
1600 2
22188775
7
1800 2
27955107
11
1800 2
27955112
9
1800 2
27955060
8
1800 2
27955104
6
1800 2
27955071
7
2000 2
34371401
8
2000 2
34371367
16
2000 2
34371461
10
2000 2
34371468
9
2000 2
34371345
15
2200 2
39159698
14
2200 2
39159702
12
2200 2
39159676
10
2200 2
39159675
10
2200 2
39159633
16
2400 2
48258735
15
2400 2
48258854
8
2400 2
48258722
20
2400 2
48258839
13
2400 2
48258730
11
200 4
202849
0
200 4
202872
0
200 4
202898
1
200 4
202881
0
200 4
202917
0
400 4
654966
1
400 4
655010
1
400 4
655010
1
400 4
655036
1
400 4
655004
1
600 4
1596891
1
600 4
1596936
1
600 4
1596827
2
600 4
1596857
2
600 4
1596884
1
800 4
2754810
1
800 4
2754591
2
800 4
2754570
3
800 4
2754536
3
800 4
2754500
3
1000 4
4187869
2
1000 4
4187875
4
1000 4
4187878
2
1000 4
4187825
4
1000 4
4187881
3
1200 4
6280925
2
1200 4
6281052
3
1200 4
6280783
5
1200 4
6280851
4
1200 4
6280821
4
1400 4
8165517
5
1400 4
8165562
7
1400 4
8165568
4
1400 4
8165907
4
1400 4
8165607
5
1600 4
10676817
7
1600 4
10676658
14
1600 4
10676937
5
1600 4
10676877
4
1600 4
10676852
5
1800 4
14030898
14
1800 4
14031133
9
1800 4
14031097
8
1800 4
14031053
7
1800 4
14031431
4
2000 4
17213239
19
2000 4
17213319
13
2000 4
17213281
8
2000 4
17213233
10
2000 4
17213237
10
2200 4
20843219
8
2200 4
20843247
7
2200 4
20843144
12
2200 4
20843057
10
2200 4
20842903
16
2400 4
24589041
8
2400 4
24588870
10
2400 4
24588777
13
2400 4
24588929
14
2400 4
24588841
15
200 6
116003
0
200 6
116028
1
200 6
116112
0
200 6
116052
0
200 6
116023
1
400 6
452403
1
400 6
452456
0
400 6
452457
1
400 6
452408
0
400 6
452422
0
600 6
1013618
2
600 6
1013642
1
600 6
1013623
2
600 6
1013612
1
600 6
1013619
3
800 6
1883505
3
800 6
1883399
2
800 6
1883498
2
800 6
1883240
2
800 6
1883475
2
1000 6
2928490
2
1000 6
2928386
2
1000 6
2928234
4
1000 6
2928222
2
1000 6
2928213
2
1200 6
4007599
5
1200 6
4007590
5
1200 6
4007535
4
1200 6
4007551
3
1200 6
4007676
3
1400 6
5787403
7
1400 6
5787687
4
1400 6
5787437
5
1400 6
5787477
8
1400 6
5787706
4
1600 6
6913966
4
1600 6
6914075
7
1600 6
6913983
10
1600 6
6914129
5
1600 6
6914155
8
1800 6
9112615
12
1800 6
9112656
7
1800 6
9112516
7
1800 6
9112669
7
1800 6
9112401
9
2000 6
11483314
6
2000 6
11483367
6
2000 6
11483020
11
2000 6
11483224
7
2000 6
11483762
5
2200 6
13791220
6
2200 6
13791122
11
2200 6
13791270
9
2200 6
13790940
13
2200 6
13791535
11
2400 6
15874594
9
2400 6
15874444
15
2400 6
15874474
15
2400 6
15874610
14
2400 6
15874563
11
200 8
92395
0
200 8
92434
0
200 8
92376
1
200 8
92344
0
200 8
92398
1
400 8
365220
0
400 8
365059
2
400 8
365078
1
400 8
365056
1
400 8
365196
1
600 8
783320
0
600 8
783219
2
600 8
783107
2
600 8
783175
2
600 8
783004
2
800 8
1411369
1
800 8
1411232
2
800 8
1411590
1
800 8
1411235
4
800 8
1411375
2
1000 8
2140344
3
1000 8
2140458
2
1000 8
2140568
2
1000 8
2140596
3
1000 8
2140482
2
1200 8
3151480
6
1200 8
3151482
3
1200 8
3151528
4
1200 8
3151262
7
1200 8
3151303
4
1400 8
4254859
3
1400 8
4254855
3
1400 8
4254785
3
1400 8
4255002
3
1400 8
4254835
5
1600 8
5274160
6
1600 8
5274135
4
1600 8
5274089
6
1600 8
5274129
6
1600 8
5274048
7
1800 8
6822722
6
1800 8
6822602
12
1800 8
6822966
5
1800 8
6822869
6
1800 8
6822649
10
2000 8
8433701
11
2000 8
8433798
9
2000 8
8433921
7
2000 8
8433973
7
2000 8
8434108
7
2200 8
10152608
10
2200 8
10152810
10
2200 8
10152546
12
2200 8
10152637
16
2200 8
10152586
12
2400 8
12354938
17
2400 8
12354906
9
2400 8
12355289
15
2400 8
12354935
14
2400 8
12355199
11
200 10
70424
0
200 10
70451
1
200 10
70488
0
200 10
70397
1
200 10
70504
0
400 10
290710
1
400 10
290703
0
400 10
290564
1
400 10
290710
1
400 10
290770
0
600 10
653781
1
600 10
653754
3
600 10
653954
2
600 10
653893
1
600 10
653642
2
800 10
1149335
2
800 10
1149522
1
800 10
1149372
2
800 10
1149377
2
800 10
1149549
2
1000 10
1719855
3
1000 10
1720134
2
1000 10
1719874
3
1000 10
1720096
2
1000 10
1719826
3
1200 10
2427644
3
1200 10
2427407
4
1200 10
2427570
5
1200 10
2427396
3
1200 10
2427811
4
1400 10
3262587
4
1400 10
3262512
3
1400 10
3262348
4
1400 10
3262481
6
1400 10
3262650
5
1600 10
4394539
6
1600 10
4394488
4
1600 10
4394374
11
1600 10
4394842
5
1600 10
4394291
4
1800 10
5530270
7
1800 10
5530475
5
1800 10
5530651
5
1800 10
5530287
8
1800 10
5530336
6
2000 10
6609934
9
2000 10
6610137
11
2000 10
6609859
8
2000 10
6609939
8
2000 10
6610158
15
2200 10
8255694
8
2200 10
8255488
9
2200 10
8255643
8
2200 10
8255489
11
2200 10
8255101
9
2400 10
9885457
14
2400 10
9885760
14
2400 10
9885404
10
2400 10
9885069
14
2400 10
9885448
11
200 12
60067
1
200 12
60063
1
200 12
60178
0
200 12
60028
1
200 12
60088
0
400 12
231199
1
400 12
231250
1
400 12
231318
0
400 12
231259
1
400 12
231234
1
600 12
519386
2
600 12
519418
3
600 12
519381
2
600 12
519593
2
600 12
519507
3
800 12
926167
2
800 12
926030
2
800 12
926231
2
800 12
925893
2
800 12
926066
1
1000 12
1490295
2
1000 12
1490313
2
1000 12
1490604
2
1000 12
1490261
2
1000 12
1490549
3
1200 12
2062618
4
1200 12
2062581
3
1200 12
2062723
4
1200 12
2062421
3
1200 12
2062508
7
1400 12
2818501
8
1400 12
2818703
4
1400 12
2818786
4
1400 12
2818828
4
1400 12
2818651
4
1600 12
3628058
5
1600 12
3627789
4
1600 12
3627821
8
1600 12
3627848
7
1600 12
3627718
7
1800 12
4459752
5
1800 12
4460132
7
1800 12
4459404
13
1800 12
4459668
7
1800 12
4459606
9
2000 12
5683879
13
2000 12
5684276
6
2000 12
5684310
7
2000 12
5684072
11
2000 12
5684246
6
2200 12
6855681
7
2200 12
6854797
10
2200 12
6854533
19
2200 12
6855087
10
2200 12
6854502
15
2400 12
7769863
15
2400 12
7769721
13
2400 12
7769751
15
2400 12
7769834
15
2400 12
7769744
14
200 14
58858
0
200 14
58857
1
200 14
58820
0
200 14
58819
0
200 14
58791
0
400 14
202334
0
400 14
202259
1
400 14
202208
0
400 14
202279
1
400 14
202564
1
600 14
434777
1
600 14
434855
1
600 14
434928
1
600 14
434772
1
600 14
434813
1
800 14
790906
4
800 14
791152
2
800 14
790893
2
800 14
790913
3
800 14
790966
3
1000 14
1256569
2
1000 14
1256409
2
1000 14
1256387
6
1000 14
1256572
4
1000 14
1256514
4
1200 14
1883296
3
1200 14
1883244
6
1200 14
1883227
3
1200 14
1883454
3
1200 14
1883549
3
1400 14
2384900
6
1400 14
2385060
6
1400 14
2384791
10
1400 14
2384711
9
1400 14
2384852
4
1600 14
3098414
5
1600 14
3098466
5
1600 14
3098438
8
1600 14
3098563
8
1600 14
3098529
9
1800 14
4072747
9
1800 14
4072932
6
1800 14
4073001
5
1800 14
4072738
7
1800 14
4072774
13
2000 14
4741699
7
2000 14
4741209
19
2000 14
4741623
8
2000 14
4741591
7
2000 14
4741353
10
2200 14
5918781
8
2200 14
5918847
9
2200 14
5918663
12
2200 14
5918927
13
2200 14
5918743
11
2400 14
7022865
10
2400 14
7022428
16
2400 14
7022545
21
2400 14
7022449
17
2400 14
7022506
9
200 16
48281
1
200 16
48353
0
200 16
48410
0
200 16
48319
1
200 16
48333
0
400 16
182887
1
400 16
182857
1
400 16
182766
0
400 16
182869
2
400 16
182955
0
600 16
381666
2
600 16
381563
1
600 16
381642
2
600 16
381514
1
600 16
381700
1
800 16
708946
3
800 16
708934
2
800 16
708844
2
800 16
709010
1
800 16
709004
2
1000 16
1086678
2
1000 16
1086446
2
1000 16
1086193
3
1000 16
1086497
2
1000 16
1086570
3
1200 16
1558628
3
1200 16
1558768
3
1200 16
1558605
4
1200 16
1558775
4
1200 16
1558753
4
1400 16
2022827
5
1400 16
2022797
4
1400 16
2022994
5
1400 16
2022971
4
1400 16
2022938
4
1600 16
2777919
9
1600 16
2778528
4
1600 16
2778684
7
1600 16
2778183
5
1600 16
2778265
6
1800 16
3457048
6
1800 16
3456899
8
1800 16
3456762
11
1800 16
3456959
7
1800 16
3456798
7
2000 16
4346707
10
2000 16
4346737
7
2000 16
4346746
13
2000 16
4346743
9
2000 16
4346478
14
2200 16
5183980
8
2200 16
5184120
16
2200 16
5183889
10
2200 16
5183712
13
2200 16
5183758
16
2400 16
6170528
12
2400 16
6170156
21
2400 16
6170443
18
2400 16
6170752
10
2400 16
6170654
11
200 18
47043
0
200 18
46941
1
200 18
47026
0
200 18
47053
0
200 18
47043
1
400 18
154734
0
400 18
154688
1
400 18
154640
1
400 18
154688
0
400 18
154549
1
600 18
343645
1
600 18
343531
5
600 18
343534
3
600 18
343558
1
600 18
343537
1
800 18
616077
2
800 18
616160
4
800 18
616131
3
800 18
616328
2
800 18
616567
2
1000 18
940391
2
1000 18
940061
5
1000 18
940214
3
1000 18
940152
7
1000 18
940418
2
1200 18
1404071
4
1200 18
1404229
2
1200 18
1404059
8
1200 18
1403979
9
1200 18
1403888
3
1400 18
1870784
4
1400 18
1870810
7
1400 18
1870671
8
1400 18
1870858
5
1400 18
1870858
8
1600 18
2361090
6
1600 18
2361359
5
1600 18
2360852
8
1600 18
2361288
7
1600 18
2361105
6
1800 18
3044852
7
1800 18
3044220
13
1800 18
3044495
15
1800 18
3044824
6
1800 18
3044663
6
2000 18
3720447
9
2000 18
3720195
17
2000 18
3720348
7
2000 18
3720194
7
2000 18
3719929
17
2200 18
4647544
11
2200 18
4647264
13
2200 18
4647462
8
2200 18
4647685
10
2200 18
4647081
12
2400 18
5409208
12
2400 18
5408955
23
2400 18
5409682
11
2400 18
5409467
11
2400 18
5409690
13
200 20
40794
0
200 20
40881
0
200 20
40755
1
200 20
40787
0
200 20
40750
0
400 20
152713
1
400 20
152638
0
400 20
152617
2
400 20
152616
1
400 20
152794
1
600 20
323056
1
600 20
323184
2
600 20
323030
2
600 20
323249
2
600 20
323070
1
800 20
563927
3
800 20
564249
1
800 20
564019
4
800 20
564152
2
800 20
563927
4
1000 20
852124
4
1000 20
852548
2
1000 20
852305
2
1000 20
852385
3
1000 20
852361
4
1200 20
1272221
3
1200 20
1272242
5
1200 20
1272121
4
1200 20
1272311
5
1200 20
1272362
5
1400 20
1685088
6
1400 20
1685357
5
1400 20
1684833
12
1400 20
1685074
9
1400 20
1685054
4
1600 20
2238799
8
1600 20
2239078
7
1600 20
2238892
7
1600 20
2238849
8
1600 20
2238714
10
1800 20
2710423
8
1800 20
2710470
11
1800 20
2711008
6
1800 20
2710259
8
1800 20
2710863
11
2000 20
3553491
11
2000 20
3553633
8
2000 20
3553723
9
2000 20
3554641
7
2000 20
3553684
7
2200 20
4231557
11
2200 20
4231173
13
2200 20
4231839
19
2200 20
4231679
9
2200 20
4231570
15
2400 20
4903798
19
2400 20
4904181
12
2400 20
4904186
17
2400 20
4904492
11
2400 20
4904652
16
